7.872508469924927113e+02
7.844541498284301042e+02
7.826896242222532010e+02
7.805749734340887471e+02
7.797044268831596128e+02
7.818665532821607940e+02
7.793788063810378617e+02
8.037849202568370401e+02
7.543844311522116186e+02
7.879021645667976372e+02
7.852375656843604474e+02
7.825721994942686024e+02
7.808580345117828756e+02
7.798448565575271232e+02
7.566568512998424012e+02
7.718128249982711395e+02
7.666810771760839316e+02
7.668278418674894965e+02
7.554816617981044828e+02
7.860402429565500597e+02
7.837010014935300433e+02
7.809904247177026946e+02
7.798828616928681186e+02
7.791812575095711964e+02
7.530659548666689034e+02
7.725649024895193406e+02
7.704316007214624733e+02
7.681383182663583966e+02
7.659710071989389917e+02
7.501989490433089713e+02
7.877180269855022061e+02
7.865186778643540038e+02
7.846464622486716962e+02
7.411185363363058514e+02
7.664887678706561474e+02
7.646525362209599734e+02
7.654817283123844618e+02
7.429300742851352197e+02
7.894748407083015991e+02
7.816371811288164508e+02
7.794972943897707864e+02
7.792047218464099387e+02
7.402625149440649466e+02
7.716751788548323248e+02
7.694958626349256292e+02
7.677614798351087302e+02
7.662337963369504905e+02
7.789690142300022444e+02
7.923196682565570654e+02
7.719522430826630170e+02
7.686147125217175926e+02
7.659835551912410665e+02
7.655958792082217315e+02
7.653287246116124152e+02
7.415513790637772900e+02
7.713419600381162127e+02
7.725003481969484938e+02
7.693925425267236733e+02
7.816987405511160887e+02
7.796806446226953540e+02
7.786996702779244970e+02
7.784748706057662275e+02
7.882083350543882716e+02
7.852842459767406353e+02
7.815042068604324186e+02
7.800382195198810678e+02
7.795134040877080679e+02
7.546540775504003022e+02
7.738223445059105643e+02
7.700634182411735082e+02
7.677033058386842868e+02
7.825860709039357062e+02
7.531243633591283242e+02
7.561964001350553417e+02
7.890450156282662419e+02
7.734933027564959502e+02
7.704151689851995570e+02
7.686683008756928075e+02
7.669587244171231077e+02
7.677759672492693426e+02
7.460956673021684082e+02
7.718024428025426005e+02
7.731198822266596835e+02
7.738181786038828704e+02
7.739586869557007276e+02
8.004591419612761456e+02
7.699402628239600972e+02
7.676133497333399873e+02
7.667324689985227906e+02
7.821832789690679419e+02
7.524889670871183398e+02
7.553504740069413401e+02
7.888100693557457816e+02
7.887460385659122721e+02
7.722633028596599161e+02
7.702099418140771832e+02
7.684832880377372248e+02
7.687633203470769558e+02
7.426922332917960148e+02
7.296853408680927942e+02
